Mean Noise Amplitude <length scales>
-----------ALL SAMPLES-------------
95.7707520916 0.001 507.879648573 0.233218783919 0.367143261018 
100.958850574 0.001 493.409413456 0.236462590254 0.4174744858 
94.2878293042 0.001 493.448956532 0.211266940315 0.337225562881 
71.822855855 0.001 558.948600196 0.239759658928 0.481623417491 
94.811823679 0.001 666.521495341 0.269848283431 0.472969791756 
84.3977446604 0.001 657.328423795 0.227241007812 0.429471985195 
85.3619858825 0.001 659.267661263 0.236630179155 0.463773942624 
93.6270983174 0.001 657.291169945 0.224932282454 0.541292263765 
104.708092998 0.001 643.036483831 0.232012182593 0.516895501185 
93.7082197768 0.001 642.663994677 0.254510891074 0.441664214584 
-----------MEAN OF SAMPLES-------------
91.9455253138 0.001 597.979584761 0.236588279994 0.44695344263 
